2005.01643
2006.04779
2012.02678
2012.07436
2106.14112
2110.06169
2286.55017
2302.02676
2305.10601
2305.14325
2305.18290
2308.10379
2309.06657
2310.12036
2311.12007
2312.00752
2401.12004
2402.01234
2402.01302
2402.01927
2402.03300
2402.03620
2403.09629
2405.12005
2406.11025
2408.12009
2409.12010
2501.12008
2503.09516
2503.14476
2504.01990
2504.08066
2504.11536
2506.10943
2506.14023
2507.12856
2507.28374
2508.13669
2508.17784
2509.11723
2510.12668
2510.15874
2511.04256
2511.16874
2511.18933
2512.11024
2558.71841
2558.71944
2601.00770
2601.07348
2601.11957
2601.12984
2601.14007
2601.14008
2601.14009
2601.14010
2601.14011
2601.14012
2601.14013
2601.14014
2602.10018
2602.10019
2602.10020
2602.10021
2602.10022
2602.10023
2602.10024
2602.10025
2602.10026
2602.10027
2602.11865
2602.14015
2602.14016
2602.14017
2602.14018
2602.14019
2602.14020
2602.14021
2602.14022
2602.14023
2602.14024
2602.14025
2602.14026
2602.14027
2602.14028
2602.14029
2602.14030
2602.14031
2602.14502
2602.22273
2603.07670
2603.08647
2603.1092
2603.11018
2603.11019
2603.11020
2603.11021
2603.11022
2603.11023
2603.11024
2603.11025
2603.11026
2603.11027
2603.14032
2603.14033
2603.14034
2603.14035
2603.14036
2603.14037
2603.14038
2603.14039
2603.14040
2603.14041
2603.14042
2603.14043
2603.14044
2603.14045
2603.14046
2603.14047
2603.18620
2603.19461
2603.19639
2603.28052
2604.01658
2604.07988
2604.11978
2604.12018
2604.12019
2604.12020
2604.12021
2604.12022
2604.12023
2604.12024
2604.12025
2604.12026
2604.12027
2604.14048
2604.14049
2604.14050
2604.14051
2604.14052
2604.14053
2604.14054
2604.14055
2604.14056
2604.14057
2604.14058
2604.14059
2604.14060
2604.14061
2604.14062
2604.14063
2604.14064
2604.16278
2604.23972
2605.02041
2605.10813
2605.12061
2605.13018
2605.13019
2605.13020
2605.13021
2605.13022
2605.13023
2605.13024
2605.13025
2605.13026
2605.13027
2605.13284
2605.14065
2605.14066
2605.14067
2605.14068
2605.14069
2605.14070
2605.14071
2605.14072
2605.14073
2605.14074
2605.14075
2605.15002
2605.17734
2605.20025
2605.21482
2605.22119
2605.22763
2605.29303
2606.01234
2606.05391
2606.05661
2606.07641
2606.09498
2606.09887
2606.10507
2606.11680
2606.12984
2606.13669
2606.14076
2606.14077
2606.14078
2606.14079
2606.14080
2606.14081
2606.14082
2606.14083
2606.14084
2606.14085
2606.14086
2606.14087
2606.14088
2606.14089
2606.14090
2606.15016
2606.15017
2606.15018
2606.15019
2606.15020
2606.15021
2606.15022
2606.15023
2606.15024
2606.15025
2606.15026
2606.16769
2606.19911
2606.21089
2606.27483
2606.28374
2607.00341
2607.01224
2607.14091
2607.14092
2607.14093
2607.14094
2607.14095
2607.14096
2607.14097
2607.14098
2607.14099
2607.14111
2607.14159
2607.15010
2607.15011
2607.15012
2607.15013
2607.15014
2607.15015
2607.15016
2607.15017
2607.15018
2607.15019
2608.14100
2608.14101
2608.14102
2608.14103
2608.14104
2608.14105
2608.15007
2608.15008
2608.15009
2608.15010
2608.15011
2608.15012
2608.15013
2608.15014
2609.14106
2609.14107
2609.14108
2609.14109
2609.14110
2609.14111
2609.14112
2609.14113
2609.14114
2609.14115
2609.14116
2609.14117
2609.14118
2609.14119
2609.15015
2609.15016
2609.15017
2609.15018
2609.15019
2609.15020
2609.15021
2609.15022
2609.15023
2609.15024
2610.14120
2610.15005
2610.15006
2610.15007
2610.15008
2610.15009
2610.15010
2610.15011
2610.15012
2611.15003
2611.15004
2611.15005
2611.15006
2611.15007
2611.15008
2612.15001
2612.15002
2612.15003
2612.15004
2612.15005
2612.15006
2612.15007
